&ACTUATOR_DISK
xLoc         =   9.00000000d0
yLoc         =   2.75000000d0
zLoc         =   2.50000000d0
diam         =   1.00000000d0
cT           =   1.33000000d0
tilt         =   0.00000000d0
yaw          =   0.00000000d0
/
