&ACTUATOR_DISK
xLoc         =   11.34000000d0
yLoc         =   5.00819645d0
zLoc         =   0.25000000d0
diam         =   0.31500000d0
cT           =   1.33000000d0
tilt         =   0.00000000d0
/