&ACTUATOR_DISK
xLoc         =   32.13000000d0
yLoc         =   7.08750000d0
zLoc         =   0.25000000d0
diam         =   0.31500000d0
cT           =   1.33000000d0
tilt         =   0.00000000d0
/