 &ACTUATOR_DISK
 xLoc             =   4.0d0
 yLoc             =   2.4d0
 zLoc             =   0.833d0
 diam             =   1.0d0
 NacelleRad       =   0.05d0
 TSR              =   4.00d0
 yaw              =   0.000000000000000E+000
 tilt             =   0.000000000000000E+000
 blade_pitch      =   0.0d0
 num_blades       =   3
 bladeTypeID      =   3
 reference_length =   0.15d0
 RPMController    =   0
 sampleUpsDist    =   2.5d0
 diagnostics_write_freq = 1000
 /
