&ACTUATOR_DISK
xLoc         =   5.d0 
yLoc         =   3.141592653589793d0
zLoc         =   3.141592653589793d0
diam         =   1.0d0 
cT           =   13.3000000e-01
yaw          =   0.0000000e+00
tilt         =   0.0000000e+00
/
