&ACTUATOR_DISK
xLoc         =   1.62831853d0
yLoc         =   1.82079633d0
zLoc         =   0.25000000d0
diam         =   0.25000000d0
cT           =   1.33000000d0
tilt         =   0.00000000d0
yaw          =   0.00000000d0
/
