&ACTUATOR_DISK
xLoc         =   3.00000000d0
yLoc         =   4.77488898d0
zLoc         =   0.25000000d0
diam         =   0.25000000d0
cT           =   1.33333333d0
tilt         =   0.00000000d0
yaw          =   0.00000000d0
/
