&ACTUATOR_DISK
xLoc         =   9.00000000d0
yLoc         =   5.25000000d0
zLoc         =   5.00000000d0
diam         =   1.00000000d0
cT           =   1.33000000d0
tilt         =   0.00000000d0
yaw          =   0.00000000d0
/
