&ACTUATOR_DISK
xLoc         =   2.26800000d0
yLoc         =   1.51200000d0
zLoc         =   0.10000000d0
diam         =   0.12600000d0
cT           =   1.33000000d0
tilt         =   0.00000000d0
/