&ACTUATOR_DISK
xLoc         =   12.0d0 
yLoc         =   1.5d0
zLoc         =   1.0d0
diam         =   1.0d0 
cT           =   13.3000000e-01
yaw          =   0.0000000e+00
tilt         =   0.0000000e+00
/
