&ACTUATOR_DISK
xLoc         =   1.33333333d0
yLoc         =   4.66666667d0
zLoc         =   0.25000000d0
diam         =   0.31500000d0
cT           =   1.33000000d0
tilt         =   0.00000000d0
/