&ACTUATOR_DISK
xLoc         =   2.7488936e+00
yLoc         =   1.3089969e+00
zLoc         =   1.0000000e-01
diam         =   1.0000000e-01
cT           =   13.3000000e-01
yaw          =   0.0000000e+00
tilt         =   0.0000000e+00
/
